%YAML:1.0
R: !!opencv-matrix
   rows: 3
   cols: 3
   dt: d
   data: [ 9.9804441545675560e-001, -1.4102641216592889e-002,
       -6.0897128719661985e-002, 1.0935177664301687e-002,
       9.9858529136951357e-001, -5.2036888357336671e-002,
       6.1544834592621840e-002, 5.1269204900991190e-002,
       9.9678668829583950e-001 ]
T: !!opencv-matrix
   rows: 3
   cols: 1
   dt: d
   data: [ -5.6121487444294374e+001, 1.9732156472839064e+000,
       1.3609078770941426e+001 ]
R1: !!opencv-matrix
   rows: 3
   cols: 3
   dt: d
   data: [ 9.5449969614493491e-001, -5.9873860979978634e-002,
       -2.9213943730790104e-001, 5.2318288122118722e-002,
       9.9806455037761299e-001, -3.3614729026189547e-002,
       2.9358665975687281e-001, 1.6801013388583835e-002,
       9.5578480797819687e-001 ]
R2: !!opencv-matrix
   rows: 3
   cols: 3
   dt: d
   data: [ 9.7126792379010396e-001, -3.4149505870276639e-002,
       -2.3552586156360117e-001, 4.0187669501947014e-002,
       9.9897389552161664e-001, 2.0883181902392568e-002,
       2.3457103707930982e-001, -2.9748400212147245e-002,
       9.7164369047936228e-001 ]
P1: !!opencv-matrix
   rows: 3
   cols: 4
   dt: d
   data: [ 7.4865134602185242e+002, 0., 8.9174929873805308e+002, 0., 0.,
       7.4865134602185242e+002, 3.4646674740696341e+002, 0., 0., 0., 1.,
       0. ]
P2: !!opencv-matrix
   rows: 3
   cols: 4
   dt: d
   data: [ 7.4865134602185242e+002, 0., 8.9174929873805308e+002,
       -4.3258328713220457e+004, 0., 7.4865134602185242e+002,
       3.4646674740696341e+002, 0., 0., 0., 1., 0. ]
Q: !!opencv-matrix
   rows: 4
   cols: 4
   dt: d
   data: [ 1., 0., 0., -8.9174929873805308e+002, 0., 1., 0.,
       -3.4646674740696341e+002, 0., 0., 0., 7.4865134602185242e+002, 0.,
       0., 1.7306524969677165e-002, 0. ]
