%YAML:1.0
image_width: 960
image_height: 1080
M1: !!opencv-matrix
   rows: 3
   cols: 3
   dt: d
   data: [ 9.1292739893925852e+002, 0., 5.5574939982713943e+002, 0.,
       9.2846769951948306e+002, 3.6962563256148240e+002, 0., 0., 1. ]
D1: !!opencv-matrix
   rows: 4
   cols: 1
   dt: d
   data: [ -1.6661361192387161e-002, 6.9284201641584050e-003,
       -1.1620485731075701e-001, -1.2162705181119643e-001 ]
M2: !!opencv-matrix
   rows: 3
   cols: 3
   dt: d
   data: [ 9.6885828867282930e+002, 0., 6.6494952992711137e+002, 0.,
       9.7561960805060869e+002, 3.7894564532197984e+002, 0., 0., 1. ]
D2: !!opencv-matrix
   rows: 4
   cols: 1
   dt: d
   data: [ -1.3428488101291702e-001, 5.4678312217769953e-001,
       -1.2348955696531938e+000, 1.1213191290386650e+000 ]
